52,8
52,6
61,35
3,2
3,1
3,3
10,213
10,281
10,21
10,139
10,159
10,133
10,107
10,2
11,9
9,7
9,1
9,5
9,2
9,3
8,11
8,15
8,2
8,3
0,318
2,2
2,1
2,3
56,5
56,3
56,1
55,4
55,3
55,1
54,79
54,78
54,77
54,76
54,75
54,74
54,73
54,72
54,71
54,70
54,69
54,68
54,67
54,66
54,65
54,64
54,37
54,36
54,35
54,34
54,8
54,7
54,6
54,5
54,4
54,3
54,1
52,7
52,5
52,4
52,3
52,1
51,4
51,3
51,1
50,3
50,1
49,5
49,4
49,3
49,1
48,5
48,3
48,1
46,4
46,3
46,1
45,3
45,1
20,3
20,2
20,1
19,3
19,2
19,1
18,3
18,1
14,5
14,4
14,3
14,1
13,3
13,1
12,3
12,2
12,1
11,30
11,28
11,27
11,26
11,25
11,24
11,23
11,21
11,20
11,19
11,18
11,17
11,16
